  0   0   0   0   0   0   0   0   0   0   0   0   0   0   0   0   0   0   0   0   0   0   0   0   0   0   0   0   0   0   0   0   0   0   0   0   0   0   0   0   0   0   0   0   0   0   0   0   0   0   0   0   0   0   0   0   0   0   0   0   0   0   0   0   0   0   0   0   0   0   0   0   0   0   0   0   0   0   0   0   0   0   0   0   0   0   0   0   0   0 
  0  22  17   9   0  27  59  39  37 158 255 156  34  51  10  10  18  22  49  49  32  20  17  13  10  13   8   3   9   6   6   6   6   2   6   8   8  10   8   7   7   9  16   2   6  14  15   5  12  12   9   4  16  34  52  51  61 169 148  49  28  22  21  19  15   4   0   4   9  28 133 255 159 192 255 255  46  37  13   9   2  16   1   0  10  24  28 158 255   0 
  0   8   6   9  14  45  49  13  50 152 253 153  31  52   9   6   8  29  54  43  32  18  13  13  18  13   0   0   3   6   3   4   0   0   0   1   3   8  13   4   6   8  23   8   7   3  17  13   0   0   0   0   7  35  54  56   8 141 183  90  13  36  37  33  34  19   9   4   4  21  38 232 255  16 255 255  99  55  27   5   4  12   9  20  44  13 200 255 255   0 
  0   8  13  13  24  48  19  23  44 136 249 158  36  55   8   8   8  29  56  43  29  19  15  17  13  13  16  16  15  13  10  12   9   4   7  16  20  18  12  12  15  17  26  13   8   4  16  13   4   9  12   9   4  25  42  54  41  91 183 124  44   9   5   5  21  15   9   6   9  15  21 120 255 196 149 255 255  13  46  13   5   4  22  41   8 212 255 255  58   0 
  0  13   4  11  41  41  13  27  23 124 255 165  41  58   8   8   8  23  56  49  26  22  18  11  13  16  16  13   8  10   6  13  13   9  16  28  35  38  28  21  19  22  26  22  12  10  20  11   4   9   9  14   4  23  34  50  44  68 157 133  68  14  10  14  16  11  12   6   8  18  25  17 210 255  72 255 255 173  57  27   1   2  36  29 234 255 255  54  25   0 
  0  10  17  33  43  11  38  20   6 123 255 160  44  53   9  10   6  20  53  52  28  20  19  13   4   9   9  12   4   4   6   8   6  13  19  29  17  20  28  22  20  23  23  11   8   8  19   0   0  12   6  11  10  23  36  42  37  58 135 123  75  27   5  12   6   4  13   8   9  19  28  31  88 255 236  75 255 255  30  65  18  21  11 215 255 239  29  26  12   0 
  0  16  37  31   7  33  37   7   0 131 255 153  47  49   7   6   2  20  50  52  26  18  17  14  12  14  14  16   9  14  14   3   4  11  17  18  22   7  12   3  17  25  43  34  19   9  15   0   1  12   7   4   9  21  35  32  34  42 129 114  70  47  25  21  15  12  13   4   4  13  27  35  37 204 255 140 250 255 241  55  57  22 202 255 242  13  37  26  10   0 
  0  22  37  27  67  55  15   8   6 133 255 156  46  55   7   8   5  24  52  50  20  16  15   6   8   0  18  13   8   1  11   7  10   3  20  43  69 107 156 188 202 195 151  72  18  39  26   9  14  21  15   0   0  16  32  28  36  27 127 107  55  51  36  16  15  18  12   9  15  27  42  34  30  87 255 255  14 255 255  94  61 188 255 255  22  53   6  32  23   0 
  0  30  11  99 103  82  46  11  16 128 255 171  40  65  16   4   3  30  51  44  19  18  17   6   6  17  17   3   6   3   6   5  13  54  80  85 105 149 185 202 220 231 253 255 245 156  45  29  28  18  19   0   4  22  35  26  36  22 128 104  33  35  41  20  11   9  13  17  28  39  41  25  21  23 202 255 190 191 255 255 144 255 255  34  48  21  28  36  19   0 
  0  33  64 167 101 128  76  18  24 129 255 185  41  70  28  18  15  34  51  42  22  20  16   9   9  14   6   6  14  39  37  21  38  70  40  24  54  72  70  55   3  26  72 157 255 255 255 123  24  44  20  13  17  29  38  31  39  31 135 100  23  16  34  37  16  18  30  38  35  29  27  21  16   0  70 255 255  55 255 255 255 239  27  45  16  20  22  16  13   0 
  0  14 174 227 119 195  88  15  31 132 255 193  41  69  31  21  20  32  52  47  30  28  23  14  17  20  16   3  18  28  34  31  51  59  59  60  67  72  74  69  39  31  38  34  18 120 255 255 217  49  48  41  29  28  37  35  37  48 141 103  22   2  16  33  33  24  37  37  24  11  17  15   4  16   7 133 255 243 226 255 255  39  50  23  20  16   4   8  14   0 
  0  95 255 234 188 249  84   8  39 137 255 199  39  68  22   8  15  24  41  45  30  26  22   8  13  15  24  20  60  88  71  36  52  35  28  47  69  78  83  68  55  44  25  28  20  29  49 220 255 255 129  69  71  36  36  32  29  47 152 123  37  26  13  33  59  40  29   9  13   3  14   9  15  21  16  18 239 255 255 255 255  65  28  13  24   4  10  17  26   0 
  0 190 255 147 249 255  84   8  42 147 255 193  46  74  25   8   7  21  37  40  24  24  20   9   8  29  21  70  68  53  26  21  42  27  13  13  35  68  91  88  70  51  26  28  23  27  21  16 130 255 255 255  51  57  36  28  27  43 167 142  40  37  48  71  94  99  21  21  10   0  14   6  17  16  11  25  85 255 255 255  31  50   9  20   0   9  37  33  67   0 
  0 255 255  35 255 254  78   6  42 154 255 188  52  77  20   5   4  18  40  41  24  23  16   4  10  39  34  96  13  34  27  25  31  40  32   7  17  53  79  97  95  65  27  20  26  35  22  28  54 120 255 255 255  56  62  34  32  53 177 150  36  19  72 149 149 192 122   7   4   4   9   9  10   4  18  14 220 255 255  57  50  11  19   6   4  22  65  72 255   0 
  0 255 178  70 255 246  79   3  45 156 255 188  49  76  21  12   8  14  40  42  24  22  17   9  15  28  87  51  32  30  13  26  34  41  35  13  12  35  67 106 116  65  17  32  30  50  71  66  53  22  27 216 255 255  29  56  31  70 184 153  36   7  67 219 211 240 255  60  13   6   3   4   4   4  31 127 255 255  54  54  24  12   8   6  18  81 115 240 255   0 
  0 230  56  75 241 242  91   8  48 154 255 183  50  69  20  13   4  14  40  45  25  19  18  13  11  62  50  16  32  10  29  28  46  58  43  32  32  23  53 107 113  78  59  36  86  94  47  11  29  30  48  42 255 255 255  54  53  83 196 155  36   3  47 244 255 166 255 167  13  15   2   3   1  26  41 255 255 141  47  24  19   4  11  10  63 137 238 255 250   0 
  0  96  16  53 232 237  94  11  46 152 255 178  48  64  14   9   6  18  38  48  24  13  22  13  42  54   4  27  17  11   9  58  67  54  28  19   8   4  39  94  97  61  94 119  79  22  33  37  25  20  18  65  28 255 255 255  37 123 215 159  36   0  36 239 255  85 255 255  91  12   4   3  16  18 247 255 243  24  45  16  21  17   6  16 103 240 255 232  89   0 
  0   9  16  47 228 234  90  13  42 152 255 183  46  71  19   6   4  19  38  50  24   8  39  16  74  28  15  12  13   8  48  74  62  38  17  14  20  37  51  98 117 139 126  54  38  39  18   6  19  17  16  26  50  91 255 255 255 114 249 165  39   0  36 236 255 144 255 255 216  43  22  20  38 121 255 255  34  62   7  35   5  13   7  33 209 255 239  94  84   0 
  0  11  17  49 224 232  88  12  37 150 255 190  37  70  28  12   4  14  40  52  17  33  92  90  98  42  17  13  16  36  58  65  41   7  13  13  64  54  99 189 191 108  27  48  44  31  25  22  17  11  11  18  26  45  49 255 255 139 255 183  43   0  36 227 255 204 117 255 255 155  87  83  24 255 255 125  67  38  15  22  11   3   7 140 255 255  99  85  72   0 
  0   7  25  51 228 237  88  12  31 146 255 197  37  71  34  21   9  16  35  47  28 110 132 181 105  55  11  15  34  56  60  44  11  12  30  79  40 130 249 189  71  37  40  26  26  31  32  13  15  19  15  16  22  22  67  94 255 255 216 226  41   0  36 218 255 222  27 223 255 255 255 255 255 255 255  27  47  13  16  10  12  21  68 255 255 140  74  79  17   0 
  0   3  17  40 224 245  94  13  33 146 255 208  40  78  35  16  13  20  30  39  13 219 109 255  75  59  16  20  45  56  31  39  40  38  74  16 175 245 151  38  53  37  19  40  32  13  35  46  32  22   4   4  23  19  20  67 255 255 107 255  51   8  37 220 255 214 161 255 255 255 204 229 255 255 157  68  14  12  26  13   6  25 255 255 208  62  77  23  14   0 
  0  25  30  37 205 245 106  15  40 152 255 210  37  90  41  17   8  16  32  24  36 255  42 255  26  50  22  32  48  29  35  30  32  58  27 207 217  80  40  29  19  36  30  23  51  58  40  27  22  27  24  15  24  30  25  73  64 255 255 195  86  10  52 255 255 192 255 255 255 131  31  76 255 255 255  88  20  35  28  24  13 162 255 255  77  66  33  11  11   0 
  0  35  30  34 187 237 112  18  37 157 255 204  46  93  38  14  10  19  43   5  95 255 111 255  20  40  34  45  32  16  12  11  30  41 180 165  53  39  36  40  21  29  33  49  61  54  41  32  13  18  20  47  64  57  30  41  62 208 255 216  68  19  90 223 255 255 255 255  79  28  53 111 255 255 255  83  29  20   8  15  54 255 255 120  55  33  12  15  13   0 
  0  21  20  30 174 227 112  25  28 157 255 199  43  82  29  10   4  16  44  22 159 255 191 255   8  31  43  50  36  20  11  29  37 159 114  57  75  56  47  24  17  21  47  53  28  42  46  56  42  27  40  77  61  62  27  21  47  35 171 255 100   4  94 255 255 255 195  40   8  24  16 126 255 255 255  61  34   9  22  28 237 255 226  45  42   9   8   9  13   0 
  0   3  11  29 171 222 114  37  28 159 255 201  40  76  23  13  14  18  42  37 235 255 242 255  26  18  34  44  42  22  16  54 129  88  49  40  81  67  38  40  46  46  41  20  24  35  45  49  59  75  69  33  45  47  40  57  55  76  80 152 174 155 226 250 179  72   9  15  16   7  48 104 255 255 213  40  35   6  32 138 255 255  83  45  16  13   9   9   4   0 
  0   3   9  32 173 227 120  33  22 160 255 209  39  80  24   7  13  21  32  20 255 255 255 250  72  20  30  46  38  13  58 122  60  35  34  59  65  67  44  21  34  33  14  24  19  34  44  40  27  36  24  17  29  36  72  75  73  87  86  25 119 178 145  52  17  10  22  14  23  45  82  72 255 255 101  24  28  13  85 255 255 171  47  41   6   6  11  13   6   0 
  0  12  12  33 173 237 124  22  22 160 255 212  34  80  26   3   6  14  23   0 255 255 251 216 132  52  29  48  34  53 103  49  44  17  51  34  53  83  66  36  16   9  15  24  24  34  48  63  38  13  26  24  43  63  66  70  75  40  47  57  56  60  26   4  10  14   0   4 112 148 187 143 255 255  27   4  12  24 196 255 255  67  48  13   8   4   6  13  12   0 
  0  17  18  39 181 242 120  20  24 160 255 205  39  76  22   3   4  15  11  13 255 249 207 160 152 116  17  64  73  95  46  44  27  60  26  19  14  51  71  40  32  23  23  25  40  44  40  54  59  51  54  58  72  68  57  42  35  69  97  73  30  13  28  20   6   9  21  68 178 135 213 251 255 255  43  22  11 112 255 255 127  40  27   9   6   3   2   4   6   0 
  0   6   4  52 189 234 116  20  22 153 255 209  40  71  16   9   6  16  14  23 255 254 184 133 146 160  33 114 120  35  47  29  55  30  45  37  27  29  39  42  59  67  88  93  53  17  13  24  40  49  56  73  83  59  24  47 102  88  43  22  15  11  11  23   8  24   8 161 191  95 160 255 255 149  41  28  43 255 255 214  55  39   3  13   7   1   2   0   4   0 
  0  13  13  68 183 221 116  20  20 139 255 230  45  72  13   5   8  15  27  32 255 255 185 137 137 192  86 134  54  50  15  59  29  51  39  40  33  38  93 160 198 177 123 120 120  73  59  70  86 136 175 134  52  54  98 111  87  29  15  29  18  22  29  23  25  49 106 255 255 172 160 255 255  27  30  14 101 255 255  82  44  24  14  11  15  14  13  12  13   0 
  0  14  17  71 173 211 116  20  20 132 255 245  44  78  15  10   6   9  26  32 255 255 178 143  95 160  64  72  56  23  54  21  46  29  33  37  34  81 143 176 222 229 125  79 193 255 255 255 255 255 255 255 102 123 120  73  24  12  11  40  34  18  33  31  21 158 255 255 225 255  29 255 255  49  13  17 217 255 210  51  46  10  15   8   6  11  12  12   9   0 
  0  16  14  76 165 201 116  20  20 132 255 248  37  80  21  13   6   4  19  11 255 255 152 217 133 112  75  48  40  69  17  41  17  20  27  38  73  79  96 107 132 186 255 191 220 241 255 255 255 255 255 255 185 127  65   9  13  10  16  27  22  28  38 225 255 255 255 144 255 220 255 255  81  34   6  62 255 255 103  52  20   9  12  14   9   4   1   0   4   0 
  0  21   8  79 160 196 116  20  20 132 255 248  34  80  20  14   2   0   7  36 255 255  79 255 132  47 102  19  94  35  50  28  14  24   6  49  78 127 176 197 205 147 210 198 119  47 109 144  53 255 255 255 143  50  15  30  24  12  16  28  32 154 255 255 255 174 118 255 182 255 255 205  19  17  25 193 255 250  64  49  13   7   6  13  14   9   3   0   9   0 
  0  23  10  68 165 202 116  20  20 132 255 248  31  80  21  12   6   5   8  57 255 255  57 255 171  86 103  76  56  46  27  17  18  39  36 114 170 229 236 245 146 154  61  85  37 110  66 164 255 255 255 132  43  63  62  41  31  23  16 153 255 255 255 120 226 255 255  98 255 255 173  22  15  17  57 255 255 140  69  34  25  17   9   8  13  13   4   3  13   0 
  0  15  18  45 173 218 116  20  20 132 255 248  28  80  24  10   8   8  18  47 111 255 226 217 202 165  51  54  38  34  19  17   3  79 187 235 229 165 112 105  74 126 123  83  32 120 132 255 255 255 125  11  24  37  45  37  34  22 228 255 255 222  92 173 250 208  85 255 255 164  47  29  21  10 152 255 255  91  66   9  15  13  13   9   9  15   7   9  15   0 
  0  13  26  26 175 235 120  23  21 135 255 248  25  78  27  10   8   3  26  29  16 255 255  53 239 218  39  29  25  12   6  23  51 178 191 145 141  65  17  83  74  62  61 111  45 108 255 255 255 123  29  31  20  26  19  40  40  26 255 255  80 120 132 203 115 255 255 255 173  46  15  39  15  49 255 255 180 106  37  17  13   4   9  13   8  13  13  15  16   0 
  0  17  31  11 172 249 128  29  19 138 255 255  22  81  30   8   4  10  32  41  54 141 255 184 255 255  82  32  25   6   5  34 160 238 114  23 124  25  62  94  26  57  48 101 113 165 255 255 154  50  81  46  37  22  51  62  50  52 255 255  55 164 171 198 207 255 255 123  52  33  22  31   6 124 255 250 147 121   7  15   6   0   4  13  13   8  13  21  19   0 
  0  18  34  13 171 255 132  34  10 132 255 255  19  86  34  12   7  15  34  44  26  15 255 255 255 255  77  16  43  24  63 181 252 233 143 100  91  35 107  88 134  51  75 158 223 255 255 214  24  89  52  29  28  40  97  76  47  44 229 255 255 178 255 201 255 255  86  66  48  17  48  27  20 232 255 169 140  97   4  13   9   0   0   6  12   6   6  20  24   0 
  0  15  36  12 172 255 132  38  10 128 255 255  22  91  38  23  21  13  42  53  25  52 255 255 255 255  40  21  18  76 209 255 186 135  63 127  31  47 104  31 193  87 207 255 255 255 239 100  55  70  24  20  10  98 102  43  16  33 135 255 255  94 255 242 255 255  34  53  39  27  59  19  86 255 255 122 102  61  53  33  16   6   3   5  12   9   6  13  26   0 
  0  16  34  10 172 255 135  40  11 128 255 255  23  97  41  17  16   7  65  67  37  67 255 255 255 215  69  48  75 206 255 175  50  60  21  60  89  24  93  26 184 125 255 255 255 115 124  70  87  68  39  40  71 119  70  30  31  45  86 255 255 222 255 255 255 255  38  45  27  50  50   9 176 255 237 100  61   9  52  64  55  48  43  25   8  15  12  17  24   0 
  0  19  34  16 177 255 141  40   9 128 255 255  24  92  35   8   9  10  69  56   0  47 140 255 195 158 100  29 228 244 159  61  31  45  36   3  38  83  77  64  77 255 255 255  92  92  91  48 112  59  11  59 103  97  40  20  29  34  33 255 255 255 208 255 232 255  30  39   0  56  33  30 255 255 175  91  45  47  36  12  14  43  63  73  66  48  29  16  14   0 
  0  15  32   9 182 255 144  40  12 128 255 255  22  87  34   8   3  10  51  52  17  13  44 134 118  51  32 181 255 136  51  40  76  28  67  14  38  55  67  86 245 255 255 135  41 105  22 129 110  16  66  65  77  84  42  30  39  40   5 249 255 255  73 255 121 255  29  37  28  48  25  95 255 255 121  76  17  27  49  61  54  43  12  27  54  66  60  44  25   0 
  0  12  23  14 177 255 144  43  13 131 255 255  15  92  38   5   4   9  44  49  23  89  64 186 213  72 123 247 210  29  50  76  88  47  80  48  68  24  45 197 255 255 119  76  84 126 196 215 220 208 158  60  41  80  57  34  47  55  70 246 255 255  32 255   4 255  51  31  52  38  13 203 255 207  99  49  18  17  15   6  39  52  46  46  34   8  21  46  56   0 
  0  13  23  20 166 255 149  46  12 132 255 255  17  91  38   1   7  15  43  53  70 153 186 255 239 138 255 173  82  61  72  99  75  45  63  72  80  50  95 255 255 239  92  39  89 255 215  90 139 255 255 255 120  91  78  27  45 157 255 255 255 255  72 255 112 255  71  11  71  30  40 255 255 142  93  15  21  21  28  34  30  27  13  31  50  55  44  17  33   0 
  0   4  27  40 160 255 159  46  12 128 255 255  15  89  35  10  15  25  65 118 154 133 211 255  70 206 192  20  56  10  72  82  22  21  95  14 106  48 255 255 255 103  98 215 255 255 255 255 229 148 221 255 188 136 114   6 178 255 255 255 255 192 114 255 193 255 114  23  71  22 108 255 255 110  68  17  17  14  12  22  20  21  12   9   4  25  39  31  50   0 
  0  35  54  62 171 255 166  47  13 131 255 255  13  90  36  15  20  20 201 236 123  42 170 255 214 127  48  39  44 106  88  10  62  59  18 107  18 249 255 255 168  21 255 255 255 255 255 174  63  16 229 157 139 183 175 129 255 255 189  84 126 139  93 255 229 255 162  30  48  13 194 255 216  88  31  26  21  18   7   8   8  17   9  19  27  36  58  55  50   0 
  0  21  47  61 189 255 173  47  13 138 255 255  20  91  32  16  41  60 255 238 116 158 255 255 108  34  43 102  46 210  99 108  67  39 113 101  93 255 255 211  77 206 255 255  60 104 199 255 255 255 174 137 108 242 177 255 255  93 255 255 243  46  31 255 247 255 208  49  32  20 255 255 152  62   1  23   8   8   8   9  16  16  17  26  34  56  71  47   9   0 
  0  30  61  64 197 255 181  50  21 141 255 254  44 100  59  43  99  27 255 255 196 255 255  47  41  23  51 177 107 255 152 100  73  69  47  54 255 255 255 113 162 255 229 255 255 255 255 255 152 255 185  90 115 255 110 255 255 255 255 255 255  50  29 255 255 236 255  66  23  91 255 255  92  41  20  23   6   7   2   8  18  27  38  47  52  41  18 118 204   0 
  0  31  78  73 203 255 187  61  13 138 255 254  33  94  44  80 136 218 176 233 255 255  74 176 137  36 112 148  80 255 244   9  54  43  45 198 255 255 202 144 255 155  91 216 255 225 175 231 153 182 170  51 102 255 119 255 255 169  40 255 228 102  14 255 255 205 255  65   6 184 255 229  68  22  25  22  18  15  15  14  27  40  45  47  12  99 202 246 208   0 
  0  61  90  81 210 255 197  70   0 136 255 255  24  92  39  62 186 109 169 255 255  75 221  91 222  61 150 117  86 213 255  50  23  17  81 255 255 255 104 255 199 119 120  95 150 184 152 112  72  77 139  67  59 255 205 240 255 118 153 170 213 178  19 249 255 200 255  51  11 255 255 165  58   1  25  14   6  12  19  25  34  42  45  15 164 250 214 119  40   0 
  0  65  86  82 218 255 208  72   0 136 255 255  20 109  75 102  52 175 246 166  75 233 116 183 233  95 193 104  65 131 228 122   6  22 238 255 255  20 255 255 116 142 102  74  84 127 157 156  98  99 114  68  12 255 255 142 240 158 155 143 238 231  51 213 255 197 255  39  59 255 255 121  42  18  19   6   0   9  13  21  33  50   4 167 255 176  50  11   0   0 
  0  64  81  64 232 255 209  68  16 131 255 255  15 132  89  44 137 215 176  73 128 161  60 244 149  78 193 180 206 109 169 255  53 112 255 255 193 255 255 153 154  93 110 104  67  31  31  15  51 120  89  61  31 255 255  96 223 137 109  85 255 234  35 151 255 154 255  36 142 255 255  84  13  25  15  11  15  17  17  22  44  29 140 255 173  33  27  26  60   0 
  0  56  59  49 241 255 203  56  25 120 255 255  28 127  81  66 138  82  94  75  93 136 151 228  60  14 119 119 102 255  99 255 150 248 255 255 231 255 155 255 111  72  91 101  97  52  19  22  77 118  73  65  44 224 255  62 234 125  98 103 255 224  13  98 255  72 255  66 229 255 232  55  18  22  17  17  17  19  22  33  47  72 255 198  33  12  21  64  74   0 
  0  27  43  59 245 255 203  43  13 107 255 255  62 153  91 118  98  28  89  67 105 152 183 224  50  41 100  91 164 255  75 255 150 255 255  82 255 255 189 246 119  61  81  86  82  77  58  44  83 114  83  74  43 197 255  12 255 127  78 145 255 179  36  40 255  31 255  78 255 255 170  32  30  18  22  15  12   9  17  40   8 203 255  68   6  33  61  54  22   0 
  0  29  61  73 254 255 209  40   9 104 255 255  95 183  17 201  95  75 109  11 121 120 172 251  78  32 153 163 176 151 223 255  64 255 255 255 255  69 207 205 143  48  66  86  63  64  69  46  80 132  90  21  33 147 255  41 255 141  73 216 255 101  63  30 255 143 255  84 255 255 103  12  31  14  16  19  13  13  26  43  96 255 151   9  30  64  50  16   6   0 
  0  37  83  75 255 255 209  40   4 104 255 255  80 163  88 199  18  14  73  35  84 141 128 255  99  47 122 195 111 206 255  73 255 255  65 255 255 175 157 178 146  42  55  71  54  42  49  32  78 146  72  42  44 117 255 116 255 141 100 255 255  31  64  76 255 255 255 110 255 250  46  18  34  20  16  17   9  12  45  20 201 251  50  13  61  47  13   6   4   0 
  0  39  80  65 255 255 189  41   7  98 255 255  28 127  70 153  44  46  35  26  17 173  69 255 130  76  35 169 135 197 111 255 255  89 255 255  39 193 146 147 125  47  64  55  42  38  35  19  60 131  81  50  86 127 255 158 242 112 173 255 236  76  58 103 255 255 255 139 255 171  14  24  20   4   9  17  13  17  58  42 255 178  19  50  53  19   6   8   8   0 
  0  30  60  54 255 255 151  41  18  87 255 255  45 141  40 163  83  74  31  45  36 171  66 255 191 138 167  46 114 188 255 255 255 255 255 139  55 197 167 116  98  40  68  53  37  40  35  19  35 106 134 122 160 230 255  27 165 108 255 255  99 122  64 132 252 255 255 142 255  97   6  30  12   4  13  15   9  17  50 111 255 116  31  59  24   9   8   6  10   0 
  0  20  44  57 255 255 119  40  29  80 255 255  15 179  44 206  17  26  83 103 119 141 143 122 240  94 133  23 255 255 255  67 201 255 244  33  29 199 178  94  89  35  62  48  25  42  49  34  19  37  93 159 255 255 232 136 154 174 255 255  11 132  44 149 177 255  86 122 255  46  10  29  13  13  17  13   9  24  32 164 255  84  42  36   3   8   8   0   4   0 
  0  51  46  85 255 255 106  40  32  77 255 255  13 199  65 182  44  52 103  33  84 106 171 104 118 161  69 255 255 200 202 199 255 255  27  42  18 174 192  96 102  31  46  45  13  32  57  59  54  40  10 100 161  89  27 200 175 255 255 140  62 123  27 156 105 255  72  86 178  25  17  24  13   9  15  13   9  37  18 205 244  78  38  16   3   9  12  13  14   0 
  0  53  31 101 255 255 112  42  29  77 255 255  75 160 104 169  84 108  41 103 126  83  33 164  62 187 255 255 255 166 238 255 244  57  19  60  31 127 185 113 141  49  27  49  16  16  87 157 163 139 138 197 255 255 255 255 206 255 255  28  71 115  22 147  35 255 186  64 119  20  17  21   8   4  18  12   0  47   8 238 248  72  21   4   6   9  15  17  13   0 
  0  34  22 114 255 255 122  38  20  88 255 243  52 110 101 224 100  64  12 161 151 121  77  68  82  45 255 255 149 255 202 255 117  27  19  72  21  82 151 125 172  70  28  51  44  22 102  87 109  98  67  55 101  75 149 100 224 255 174  33  70 107  17 112  20 255 255  66  79  19  19  23  13   4  15   9   6  55  11 255 255  58  14   9  14  17  17   8  11   0 
  0  31  32 136 255 255 135  37   9  88 255 252  31 113 119 206 111   4  65 219 122 118   9  35  74 200 251 154 200 255 255 243  13  17  11  63   6  46 102 125 187 102  54  55  67  14 110 138  78  51  71 121 123  93 131  83 255 255  41  27  71 103  12  77  35 255 255  45  40   9  15  17  25  17  17   9   4  64  30 255 253  36  14  18  24  15   3  19  25   0 
  0  34  50 160 255 255 157  51   4  78 255 255  71  84 182  91 129  44 121 243  99 157  38  62 127 138 187  78 185 255 255  56  30  16  27  51   8  28  63 102 186 136  82  71  71  52  22  85  77  38  55  87 110  75  66 255 255 145  36  27  59 114  28  69  47 255 255  24  14   3   9   9  21  22  27  18  13  84  58 255 243  21  13  18   8  14  26  19   6   0 
  0  34  91 205 238 242 177  68   4  84 255 255 107  53 167  62 123  41 120 255 100 122 122  48  67  89 254  90 255 255 119  18  16   5  15  39  28  33  59  82 158 168 115  94  72  49  21  26  63 102 123 109  88  52 178 255 255  12  57  24  48 139  31  72  54 255 255  17   5   6   9   8  13   9  25  28  18 100  56 255 239  24   8   6   8  20  16   0   4   0 
  0  12 142 233 190 213 176  74   9  92 255 255  66  75 113  61 102  19  98 246 146 117   8  72  55  30 208 255 255 211  33   6  17  10  19  38  41  24  37  57  98 176 199 171 110  55  32  29  83 130 144 141 121  82 255 255 102  40  46  28  67 157  29  72  61 255 255  16   6   4  22  22  15   9  19  34  35 105  84 255 221  36   8   6   8  20  16   3  22   0 
  0  12 145 243 201 213 167  68  13  86 255 255  27  64  95  37  97  21  76 244  35 113 174  33 101  96  43 254 255  33  45  25  36  12  16   3  35  17  14  33  24  68 182 255 222 163 112  72  76  67  32   6  44 189 255 255  14  48  25  38  99 155  22  64  71 255 255  27  58  59  38  12   0   0  31  42  39 102 157 255 171  57   0   6  20  38  76 203 255   0 
  0  19 113 241 243 237 170  59  13  91 255 253 152 169  82  36  71  53  42 255 101 145 172 153  76  32 149 255 255  77  67  38  54  14  15   8  17  37  28   9  29  39  88 154 130 100  89  96  89  85  54  32  34 174 255 255  58  16  14  38 109 158  18  55  65 255 255 125 164 161 122  97  73  45  37  31  38  90 244 255  89  59  16  23  47 167 255 255 255   0 
  0  79  59 199 255 255 190  57  23  85 235 203  85 224 108  50  43  45  50 255 175 206  37 165  81 104 105  95 255 255  62  26  57  19  25   6   4  36  46  24  47 108 202 255 203 139  92  81  63  54  81  56  49 192 255 255 255 255  61  42 129 161   9  51  32 255 242 149  74  90 124 159 175 167 134  95  78  59 255 255  40  50  26  39 158 255 255 255 172   0 
  0 255 124  80 240 255 231  57  15  47 211 248 161 245 116  96  42  37 101  85 255  65 103 115  60  98  42  67 112 255 115  10  40  10  44   5   9  14  49   8  19 173 222 116  35  31  40  46  38  47  60  82 118 121 171 255 255 255 255 239 117 171  43  58  16 255 209 128 112  89  48  27  70 133 178 177 139 103 255 255  18   8  10 142 255 255 255  56 182   0 
  0 255 255 138 134 255 255  56  18  36 241 221 192 255  69 166  80 111  94  96 146 164  58 112 104 101 112  55 126 184 159 113  19  10  59  16  17  17  50  37  30 158 245 109  34  34  52  33  20  17  42 107 134 102  77  38 123 255 255 255 255 106  77  66  55 255 228  78  89  97 111 119 104  77  39  51  34  32 255 255   6   6 135 255 255 255  67 161  85   0 
  0 171 255 255  51 255 255  63  17  67 156 225 255 255  24 164  66   8  58  94  37 167 137 153 129 174 128  94 159  49 168 221  16  33  67  28  30  31  61  92  85 101 252 109  38  51  53  20   0  28  74  92 104  84  58  80  84  35 164 255 255 255  55  58  66 255 239  25  24  43  59  84  96 117 131 100  89 111 255 255  30  30 255 255 255  71 149 107  62   0 
  0 115 191 255 123 255 255  71  24  78  66 255 255 157  63  82 124 143  75  70  69 121  62  51 122 189 182  58 171  84 131 255  41  50  64  16  18  25  63 162 129  49 255 123  49  61  35  10  10  44  75  60  77  84  63  65  70  55  53  90 255 255 255  42 113 255 219  21   6  19  16  33  49  64  91  72  63 159 255 254  31 153 255 255  67 139  97  55  58   0 
  0 255  75 255 227 255 255  66  17  81 120 255 255  77  74  20  54 102  57 107  39 108  33  31  93 118 177 104 144 121  47 255 151  83  73  20  34  37  74 241  96  90 255 153  49  46  22   9  18  41  55  51  58  67  49  51  74  57  49  58 110 255 255 174 189 255 192  21   4  21  13  13  25  38  53  27  99 255 255 129  39 255 255 192 120  91  32  35  19   0 
  0 255 161 255 255 255 255  64   4  86 166 255 255  53  56  38  30 182  62 175  13  92  68  79 100  15 130 228 189 200 212 255 239 119  89   9  37  38 105 255  89 121 255 177  35  31  19  15  20  31  37  47  51  62  56  49  62  64  67  43  62 244 255 255 222 255 157  21   9  24  18  21  28  36  41  94 255 255 218  47 129 255 255  31 112  43  51  36  22   0 
  0 255 255 255 255 255 255  64   0  79 188 255 255  36  22  51  64 240  64 188  21  40  88 141 170  36  88 255 167 221 204 255 233 111  83  20  21  13 173 255 136 133 255 179  31  26   7  17  28  30  31  45  51  54  62  61  53  64  76  42  43  20 255 255 177 255 110  24  13  21  27  29  28  50  11 255 255 197  88  13 255 255 255  62  86  34  66  19  22   0 
  0 255 255 255 255 255 255  61   9  65 216 255 255  39  22  12 132 193 141 148  32  36  30  91 180  63 129 226  78 120 112 255 190  46  49  31   9  61 255 248 177 125 246 165  33  21   6   6  27  31  27  46  51  39  54  74  65  66  71  48  23  71 255 255 144 255  73  31  17  17  24  32  30  56 106 255 236  35  40 101 255 255 117  86  40  79  21  33  31   0 
  0 255 255 255 255 255 255  55   8  55 233 255 255  42  10  48  90 138 116  96  13  48  33  82  77 159 209  94 143 190 232 240  94 114 106  81  20 155 255 158 221  93 250 134  38  23  17   9  23  33  27  48  49  37  48  71  79  70  59  50  28  59 121 255 255 255  60  28  13  13   8  29  51  57 183 255 137  13  24 222 255 255  59  60  28  73  23   6  65   0 
  0 255 255 255 255 255 255  59   9  56 224 255 255  37  32  47  23  91  52  71   6  40  45 105  26 134 255  52 134 128 209 200 114  49  60 107  27 228 255  62 234  37 255 107  41  23  18  22  13  31  31  45  48  44  45  63  89  80  58  55  41  40   9 255 255 255  56  24   9  13   4  20  55  51 186 255 156  49  35 255 255 168  40  42  79  36  32  25  42   0 
  0 255 255 255 255 255 255  74   4  58 199 255 255  37  65  29  24  51  20  42  23  37  52  91  18 100 205 108 113  86 255 149 109 146 139  86 108 255 202  35 223  72 254  79  33  15  17  25  10  21  29  34  43  46  44  56  88  90  65  57  48  32  36 255 255  74 113  96  40   1  13  23  47  64 107 240 255 160  97 255 255 112  51  62  36  49  10  37  24   0 
  0 255 255 180 255 208 255  90   9  58 193 255 255  61  64  34  13  42  21  26  40  26  49  68 115  59 124 223 158 165 171 255   3  31  56  40 199 251 127 139 163 188 213  40  17   6  15  18  13  14  28  30  36  39  39  48  72  81  70  60  58  33  26 138 255 255 251 255 226 160 103  56  13  70  41  84 255 226 190 255 255  90  54  37  52  38  29  11  60   0 
  0 255 255 119 255 136 255 108  12  58 225 255 255  99  43  25  34  14  31  11  70  20  52  81 206 135 201  43  39 149 255 224  29  38  15 141 255 209  17 229  31 255 127  21  22   6   9  16  16   9  27  35  34  36  39  54  66  75  81  79  71  33  17  24 255 255 122 157 229 255 255 255 249 159  21  85 255 178 255 255 255  83  36  26  50  22  11  27 140   0 
  0 255 255  59 255  72 255 118  17  58 255 255 255 112  21  31  25  24  35   4  66  33  24  76 240 216 176 255 147 148 153  71  22  24  69 231 255 104 194 182 210 242  46  13  22  10   6  20  22   3  19  33  38  43  41  51  61  69  81  86  71  43  25  39 255 255 177  87  42  80 196 255 255 255 179 172 255  53 255 255 150  72  47  55  27  35  49  78 186   0 
  0 255 255  49 255  53 255 126  29  68 255 255 255  80  27   4  22  23  46  16  48  53   8  40  91 255 228  56 208 244  85  21  21  31 169 255 165 134 251  88 255 123  15  11  13  14   6  11  22  17   9  19  24  41  43  46  53  63  89  89  71  52  29  47 225 255 241  79 118 137 126 107 139 255 255 121  95 255 255 255  40  85  91  33  73  68  52 123 164   0 
  0 236 255  74 255  70 255 143  33  85 255 255 255  53  23   8   5   6  60  45  56  81  45  76  55 122 255 145 227 245  82  14  12 121 202 165 147 223  29 255 185  40  24  13  11   7   8   0  15  26  17  12  12  35  44  54  56  56  87  96  80  61  41  39  92 255 255  51  39 103 143 209 173 255 255  75 255 255 255  33 101 132   9 111  45 123  18 145 124   0 
  0 224 255 106 255  84 255 158  32  83 255 255 235  29  28  30  30  23  84  61  73 134  87  60  33  58 177  84 231 201  51  19  41 135 131 128  84 104 255 190  50  35  24  17  17   6   9  18  20  24  19   8   3  23  33  50  54  48  66  84  85  70  57  34  19 255 255  15  32  61  86 145 178 255 255 255 255 255  70 115 141  38 131  49 159  97  97 159  93   0 
  0 255 255 165 255 115 255 170  32  69 255 255 169   8  43  40  43  47  72  40 100  93 144  55  18  30 157  84 244 190  25  21  78 140 119 143 231 250 153  41  18  40  20   6  18  13   9  21   4  11  13  16  13  15  26  43  49  54  62  72  82  76  65  43  50 255 255 145 103  17  66 107 120 178 255 255 244  88  87 119  51 121 114 113 195  35 169 159  81   0 
  0 226 255 255 255 210 251 176  32  80 255 255 108  17  44  36  17  35  60  18 119  78 155  60  30  16 136 127 162 213  35  65 174 243 239 211 156  74  16   7  19  30  22   7  16  16   4  19  14   0  15  25  28  22  19  35  39  53  58  65  76  77  73  52  66 158 255 255 120  46  56  71  53   9  80  68 119 116  64  42  85 105  68 224 124 120 220 141  41   0 
  0 190 255 255 255 255 183 176  32 107 255 255  80  22  43  51  22  38  84  60  67 137  95  55  61  26  88 117  35 199 123 161 223 190 107  57  38  20   3  15  20  10  22  14  18  25   6  12  12   8   8   6  15  20  19  34  30  44  47  58  69  62  73  61  62  48 255 255  60  90  67  40  36  58  97 122 101 105  18  38  60  54 197 198  62 245 214  61  88   0 
  0   0   0   0   0   0   0   0   0   0   0   0   0   0   0   0   0   0   0   0   0   0   0   0   0   0   0   0   0   0   0   0   0   0   0   0   0   0   0   0   0   0   0   0   0   0   0   0   0   0   0   0   0   0   0   0   0   0   0   0   0   0   0   0   0   0   0   0   0   0   0   0   0   0   0   0   0   0   0   0   0   0   0   0   0   0   0   0   0   0 
