161 161 158 158 155 155 161 170 172 165 134 95 95 106 106 106 110 106 110 117 123 125 128 131 131 128 131 131 134 134 134 134 134 131 134 134 134 134 131 131 131 132 134 134 134 134 128 131 131 131 131 128 128 123 122 110 110 134 152 161 155 152 156 155 155 155 155 155 158 158 158 206 220 214 130 101 122 122 122 122 119 123 123 123 123 128 123 114 138 161
158 158 155 155 155 155 158 170 172 162 132 95 92 102 105 105 105 105 110 117 123 125 128 128 128 132 132 132 132 134 132 132 132 132 132 132 131 131 128 131 131 128 131 132 132 132 128 128 128 128 128 128 128 123 119 110 106 128 146 161 158 152 155 155 155 155 155 155 155 155 148 186 214 220 168 101 115 119 122 122 119 123 123 123 123 123 128 131 106 62
158 155 155 155 155 158 167 170 167 158 129 95 92 103 105 105 103 103 111 117 121 125 125 128 128 132 132 132 132 132 134 132 132 132 132 132 132 132 132 128 132 128 134 134 132 132 132 128 128 128 128 128 128 128 119 115 106 110 141 156 161 158 158 162 158 155 155 155 155 155 148 155 206 220 214 130 106 119 119 123 119 122 123 123 123 128 134 99 48 44
155 155 158 158 155 162 167 167 165 155 131 95 92 103 105 105 103 103 111 117 121 125 125 128 132 132 132 132 132 132 132 132 132 132 132 132 132 132 132 131 131 128 134 134 131 131 132 128 128 128 128 128 128 128 123 117 110 106 129 152 161 165 161 165 162 158 158 155 155 152 155 145 174 214 220 186 106 110 119 119 123 122 123 128 131 140 95 44 50 49
155 158 158 158 158 165 167 162 162 158 132 92 89 103 105 105 103 103 108 117 121 122 128 128 128 128 128 128 128 129 132 129 129 132 132 127 127 127 129 128 125 128 128 131 132 132 128 128 128 125 125 125 129 125 123 119 110 106 126 146 161 161 161 158 158 158 155 155 155 152 148 148 148 199 220 220 148 102 119 123 123 119 123 128 139 91 46 44 49 52
158 158 158 158 165 170 167 158 162 158 132 92 92 103 105 105 103 103 108 117 121 125 125 128 128 128 128 128 132 129 132 129 129 132 132 127 122 122 125 128 125 125 128 128 128 131 128 125 128 128 125 125 128 128 122 117 111 110 128 141 156 161 161 161 158 158 158 155 155 158 155 152 145 167 214 220 206 115 110 119 123 123 123 134 91 40 48 49 49 52
158 158 162 165 167 167 162 158 162 158 129 92 92 103 103 102 103 103 108 114 121 121 125 125 129 125 125 129 129 129 128 132 129 129 129 127 125 122 122 122 122 121 125 131 131 131 128 128 128 125 125 125 125 125 121 117 114 108 122 141 152 156 161 158 158 158 158 155 158 155 155 152 148 140 193 220 228 168 99 114 119 123 134 91 40 48 56 52 49 49
162 158 165 170 162 158 162 158 162 158 127 89 89 102 103 103 103 103 108 117 121 121 125 125 125 125 125 129 129 125 129 129 129 129 127 127 127 122 125 128 123 119 117 121 125 128 128 125 128 129 125 125 125 125 121 117 114 108 122 139 146 152 156 156 155 155 155 155 155 155 152 145 145 140 158 214 228 214 122 102 115 131 95 40 44 53 56 53 49 46
162 158 170 162 149 149 162 162 162 158 132 92 89 100 105 105 103 105 111 117 121 122 125 125 125 125 129 129 129 129 129 129 127 127 134 138 141 148 160 172 172 172 167 147 126 117 122 128 131 131 125 125 125 125 121 117 114 108 117 139 145 146 152 156 155 152 155 155 152 152 145 145 145 140 140 186 220 228 186 106 123 91 40 44 49 56 56 49 46 46
158 165 167 155 132 143 162 162 165 158 132 89 85 98 103 103 103 105 111 117 122 122 127 127 125 129 129 129 127 127 129 129 128 141 148 148 148 160 167 177 182 172 182 189 188 167 129 113 128 128 125 125 125 122 117 114 114 105 121 140 145 145 148 152 155 152 152 152 149 145 145 140 140 140 140 148 206 228 220 152 91 40 44 49 53 52 48 48 46 46
162 172 162 132 118 143 167 167 165 158 132 85 85 95 100 100 100 103 108 117 117 122 122 122 125 127 127 127 129 141 141 129 129 141 141 141 148 155 160 167 172 179 179 186 192 198 194 150 115 117 125 121 121 121 117 111 108 105 121 139 145 145 146 146 152 152 145 145 145 145 143 140 140 140 145 134 172 220 228 195 40 44 48 55 52 49 48 53 46 49
172 167 149 105 101 149 167 167 165 158 132 85 80 92 97 97 100 103 105 111 117 117 121 125 122 125 122 134 123 126 122 122 126 134 129 134 141 148 156 167 172 182 186 186 188 188 198 203 172 122 108 117 117 117 114 111 105 103 117 141 148 145 145 145 145 152 145 140 143 145 143 143 140 140 145 145 140 199 228 107 29 48 52 56 49 46 52 46 52 46
172 162 132 77 100 143 167 167 165 155 127 82 80 95 99 102 100 102 105 111 113 117 121 121 122 122 127 128 111 117 122 122 126 134 134 134 134 141 150 166 173 179 182 188 192 192 198 194 203 198 131 92 105 114 111 108 108 102 117 144 153 153 145 139 134 140 148 143 143 145 143 140 145 145 145 145 145 172 115 36 44 49 52 49 48 53 48 56 56 36
165 149 101 77 105 149 167 167 165 158 127 82 80 95 99 99 100 100 105 111 117 117 121 121 122 122 139 117 108 114 117 123 126 129 134 138 134 141 148 156 167 182 186 186 192 194 194 192 194 204 215 189 101 100 110 103 105 99 117 144 155 153 152 134 117 125 148 145 143 145 143 143 145 145 145 148 158 106 36 44 46 55 49 46 53 48 53 68 40 115
158 122 82 82 105 149 167 167 167 155 127 82 80 95 100 100 102 102 105 111 114 117 121 121 122 127 122 108 114 119 119 123 122 126 129 134 134 138 141 156 173 186 188 188 186 182 194 204 208 215 208 234 182 80 102 102 99 99 117 144 155 153 153 134 92 92 134 148 143 143 143 143 144 144 144 155 131 46 44 49 52 52 46 52 48 48 68 58 102 164
139 92 85 85 105 143 165 167 165 155 127 85 80 95 97 102 102 100 105 111 117 117 121 122 125 122 108 111 117 119 119 115 119 129 138 138 138 138 144 152 166 182 182 177 182 204 208 208 208 204 208 208 234 149 73 99 95 95 114 144 153 153 153 144 91 57 111 144 148 144 144 144 144 143 148 149 67 40 46 55 55 48 52 49 48 68 70 102 152 144
108 85 92 85 103 143 162 167 165 155 127 85 85 99 99 100 100 102 105 111 117 117 121 121 125 111 111 114 117 117 110 115 129 129 138 138 146 141 141 148 170 166 167 194 204 204 204 201 201 204 208 208 222 222 116 73 91 91 114 144 153 153 153 144 95 40 85 129 148 144 143 144 144 144 158 95 40 48 52 55 46 49 55 48 56 68 102 148 144 150
89 89 92 85 103 143 162 165 165 155 127 85 80 95 99 100 100 102 105 111 117 117 117 125 117 111 114 114 117 117 119 126 129 138 138 138 141 138 141 148 152 167 194 203 203 201 198 198 201 204 204 208 208 215 222 139 65 85 111 144 153 153 153 144 92 46 55 103 141 148 143 144 144 155 129 40 40 52 59 52 46 55 48 56 54 91 144 144 150 165
89 92 92 89 105 143 162 165 165 155 127 85 80 95 97 102 100 100 103 111 117 117 121 134 101 108 114 114 114 115 123 129 138 138 138 141 138 134 129 141 173 198 194 192 192 192 201 201 204 204 208 208 208 208 215 234 116 65 111 141 153 153 153 144 97 47 40 65 122 139 139 137 144 153 65 36 49 55 55 49 52 48 52 48 70 141 141 144 165 165
92 92 91 85 103 143 162 165 165 158 129 85 80 92 97 100 102 102 105 111 117 108 141 140 98 111 111 111 117 122 128 134 141 134 138 141 126 115 148 186 192 186 188 188 192 194 201 204 204 204 204 201 204 208 208 222 208 79 97 143 153 153 153 144 99 47 46 40 65 148 179 159 161 95 40 48 52 55 56 52 53 52 49 50 131 148 141 161 161 161
91 89 89 85 100 143 162 165 165 158 129 80 77 89 95 97 99 102 105 108 113 101 170 128 98 108 114 113 117 122 134 134 134 134 138 115 122 156 186 182 177 186 182 188 198 198 198 201 198 201 204 204 204 208 208 208 234 132 82 144 153 153 153 144 99 52 40 36 139 208 208 222 222 70 40 53 55 56 53 52 53 55 40 110 152 141 159 162 158 158
91 89 95 89 100 139 162 167 165 155 127 80 73 89 97 100 100 100 103 108 111 115 186 113 100 111 114 114 119 128 128 122 128 134 114 126 170 179 170 173 177 177 188 188 192 194 192 189 198 201 204 201 201 208 208 208 222 208 91 132 156 155 153 145 95 29 54 168 203 204 222 215 234 128 29 53 55 52 49 48 56 46 83 152 141 155 161 161 158 158
95 95 97 92 103 139 162 167 167 158 127 82 77 92 100 100 101 101 105 111 105 134 186 105 102 108 108 117 125 123 119 129 131 114 129 170 173 164 170 177 177 182 186 188 182 182 188 198 198 194 198 201 201 201 201 204 204 222 167 125 155 155 155 132 65 90 189 198 201 215 204 201 234 146 29 56 49 47 46 49 49 53 141 148 152 161 158 158 158 158
97 100 100 97 105 139 162 167 167 162 129 85 80 95 100 103 103 101 108 113 101 152 178 101 100 105 111 117 117 122 128 128 115 129 164 155 156 166 173 182 182 177 182 177 173 182 188 192 194 198 201 192 179 198 201 204 201 201 222 177 149 155 143 129 159 204 198 208 208 201 201 208 234 139 36 56 52 47 49 55 29 102 156 148 161 158 155 158 155 155
102 100 100 97 108 139 162 167 172 162 132 85 82 95 100 100 103 101 105 111 98 168 167 108 102 105 103 111 117 125 121 115 129 156 152 144 152 170 177 170 173 182 170 173 177 182 182 182 188 192 192 179 188 194 198 198 198 194 194 204 155 149 170 198 203 198 208 204 201 201 208 215 234 103 40 53 49 46 49 49 67 148 148 155 161 158 158 155 155 155
100 100 100 98 108 143 165 172 172 167 132 85 80 95 100 100 98 100 103 105 97 186 167 117 103 105 108 113 117 122 117 134 152 141 138 146 164 164 164 173 170 166 170 173 177 173 177 182 182 177 182 186 188 194 192 186 189 189 182 189 182 186 198 198 201 208 201 201 204 204 203 215 222 80 40 56 46 46 52 62 121 152 148 161 159 158 158 155 155 155
99 100 100 98 108 139 167 172 172 167 132 85 77 92 98 100 98 98 101 105 103 195 167 129 117 105 108 111 121 117 129 146 141 138 141 152 148 152 173 166 164 170 170 173 173 173 170 177 182 182 182 188 189 186 177 179 182 172 172 188 192 198 203 204 198 201 198 201 204 182 198 222 198 44 46 53 48 52 46 91 152 148 159 161 159 159 158 158 155 158
97 97 97 97 105 143 167 172 172 165 132 85 82 95 100 100 100 98 103 101 105 193 167 145 132 108 100 114 111 126 141 141 129 138 152 148 146 148 156 159 170 170 166 170 170 166 166 166 173 177 182 182 179 173 182 167 167 177 188 192 198 201 198 198 201 201 201 208 186 159 167 203 139 36 53 48 46 49 62 129 152 152 161 159 159 158 158 158 158 158
97 95 95 95 108 143 167 172 172 167 132 85 82 95 100 98 98 100 103 98 106 193 167 149 139 113 100 105 128 141 134 126 134 146 146 138 152 148 152 164 159 164 164 169 164 159 164 164 170 170 170 173 173 166 166 167 177 188 194 203 198 194 194 198 201 201 204 203 166 166 148 197 80 36 56 46 47 53 109 152 148 159 159 158 158 159 158 158 158 158
97 97 95 97 113 143 167 172 172 167 139 85 80 95 97 98 98 100 101 92 110 199 178 155 143 127 101 122 139 134 122 129 146 141 129 146 141 152 159 148 155 155 144 141 159 164 164 164 164 164 170 164 155 160 173 182 188 197 192 188 194 198 198 204 201 201 215 182 159 141 155 182 40 48 48 56 49 68 141 148 152 159 158 155 158 158 158 158 158 155
100 97 97 101 113 143 167 172 172 167 139 82 77 95 97 97 98 98 101 92 110 206 183 162 158 143 113 128 129 122 129 141 134 126 138 138 146 146 129 121 109 109 148 133 133 148 148 148 148 144 110 144 159 173 182 197 197 192 189 194 198 201 201 201 204 215 208 150 107 91 197 132 29 53 48 55 50 102 152 148 159 159 158 155 155 155 155 155 155 155
100 99 99 101 118 143 167 172 172 167 139 85 77 92 97 100 101 98 101 92 106 206 193 167 139 139 114 122 115 126 141 134 126 134 134 138 141 129 129 109 102 82 139 144 100 86 96 82 68 54 46 139 173 182 197 197 194 194 194 198 201 198 204 215 203 173 122 85 85 173 194 44 46 48 49 46 58 141 148 156 162 159 158 156 156 155 155 155 155 155
102 102 97 105 118 143 167 172 172 167 139 85 77 95 97 98 100 98 101 98 89 195 206 172 122 134 117 110 117 141 129 123 134 129 134 134 121 129 121 109 97 68 86 107 82 90 74 65 29 46 132 166 186 203 194 192 194 194 194 194 198 208 208 150 101 77 91 115 179 177 62 40 52 48 55 44 91 152 148 162 159 159 159 159 156 156 155 155 155 152
105 103 100 101 118 143 167 172 172 167 139 85 77 92 97 98 100 100 98 101 82 168 206 174 132 146 123 110 139 129 122 128 129 129 145 121 129 102 82 76 50 58 116 74 82 96 65 65 59 141 159 186 186 188 192 188 188 192 194 204 203 160 132 107 99 129 148 186 177 52 40 55 49 46 56 59 134 148 159 165 162 159 159 159 159 156 155 155 155 152
105 105 102 101 112 143 167 172 172 167 139 85 77 92 97 98 100 100 98 105 85 130 214 186 161 140 110 134 131 115 128 126 126 126 126 121 83 74 68 53 44 90 76 68 100 68 46 103 141 164 192 182 182 182 179 182 188 192 198 172 103 97 110 155 165 170 186 179 53 40 59 55 46 52 44 83 148 148 165 165 165 162 162 159 159 156 156 156 153 152
105 105 103 98 108 143 167 172 172 167 139 85 77 92 97 98 98 98 98 105 101 95 199 193 175 134 122 131 115 126 122 122 134 122 83 76 74 65 68 58 54 76 46 76 80 80 86 133 166 198 188 179 182 179 177 182 189 192 173 72 83 114 123 136 170 186 156 52 40 52 55 55 46 49 53 116 141 155 168 165 162 162 162 159 159 159 156 156 153 152
108 105 103 97 105 139 167 172 175 167 139 85 77 89 95 97 98 98 101 105 111 92 130 206 183 140 125 115 126 126 121 129 121 95 83 82 76 40 82 58 62 58 62 68 74 100 116 149 197 188 182 179 179 172 179 182 186 192 186 110 91 103 123 133 176 122 40 40 55 55 55 49 49 49 76 131 131 165 165 162 162 162 162 162 159 159 159 156 153 152
108 105 103 97 101 139 167 172 175 172 143 85 73 89 97 97 97 98 101 108 113 105 102 208 199 140 115 115 122 122 128 115 109 68 58 82 68 54 74 82 46 48 53 46 82 90 139 177 179 179 167 172 172 172 179 198 198 198 203 151 77 76 97 144 138 47 40 52 55 59 55 46 49 48 102 131 141 168 165 165 162 162 162 162 162 159 159 158 155 152
105 105 102 95 98 139 165 172 175 167 143 85 77 92 97 100 100 98 103 105 113 108 103 208 186 105 122 115 117 131 131 83 59 62 40 59 82 68 54 100 76 48 29 78 115 139 172 186 188 167 167 179 166 173 192 198 198 198 203 167 85 46 76 144 129 47 46 51 59 62 52 46 46 62 131 131 150 159 165 165 162 162 162 162 159 159 159 159 155 152
105 105 102 97 100 139 165 172 175 172 143 89 73 92 100 103 103 100 101 117 117 113 98 190 161 105 110 122 128 101 88 62 68 48 53 50 62 68 68 80 76 29 78 138 164 160 159 186 179 167 167 164 169 186 198 198 203 203 211 192 108 47 49 133 132 46 52 55 59 62 46 49 46 91 141 144 156 150 153 156 159 161 161 162 162 159 156 158 155 152
105 102 100 95 98 139 165 175 175 172 143 91 80 95 102 103 103 100 103 121 117 121 108 148 170 108 121 131 122 85 58 44 68 53 58 53 53 58 86 86 74 56 138 164 184 167 160 192 172 166 156 163 176 192 198 203 203 209 211 203 129 57 36 110 144 53 52 59 62 59 46 52 48 116 141 156 162 156 150 147 150 150 150 156 159 159 156 155 152 152
103 102 100 92 98 139 165 175 175 172 143 89 80 95 100 103 103 103 105 113 117 117 113 122 140 118 134 129 85 53 68 50 53 70 58 48 62 54 68 46 80 126 148 169 186 172 159 186 159 157 163 173 176 192 198 198 203 209 211 209 151 73 36 83 148 52 52 59 62 52 52 46 68 141 144 165 162 162 162 159 156 150 144 144 144 147 150 153 155 152
103 100 100 95 97 139 165 175 175 172 143 89 77 92 102 102 103 103 105 113 117 117 128 123 119 126 129 110 68 54 74 50 58 76 48 53 58 68 68 46 95 144 170 159 182 189 167 134 152 167 176 176 176 186 192 198 198 203 209 214 170 73 36 68 149 67 56 62 62 49 52 44 102 141 147 165 162 162 162 165 162 156 150 150 144 141 141 144 147 148
102 100 100 97 97 139 165 175 178 172 143 89 80 92 102 102 102 103 105 117 117 125 161 58 59 155 111 72 80 59 90 40 62 56 44 53 68 74 46 83 141 179 182 156 194 177 126 122 110 99 134 176 176 176 192 192 192 200 200 170 122 65 40 53 149 83 56 68 59 49 52 53 126 136 158 161 159 158 156 162 162 156 156 156 150 150 144 141 141 136
102 105 103 97 92 134 165 175 175 172 145 89 80 95 102 103 100 101 105 105 121 148 148 95 91 119 65 74 74 74 80 54 54 70 56 36 68 59 56 138 170 190 177 182 162 117 128 131 123 97 85 117 163 167 186 192 192 176 119 91 99 85 51 44 144 97 53 68 52 49 49 76 136 141 161 158 158 158 155 156 156 156 153 156 156 156 150 150 141 132
100 99 100 92 89 134 165 175 178 172 145 92 77 92 100 101 98 98 98 141 148 152 156 138 88 53 80 95 82 80 54 70 54 44 86 53 40 36 107 164 179 194 192 136 65 65 51 58 58 57 122 130 139 157 186 203 179 95 65 57 58 65 51 46 136 102 56 62 49 52 44 97 141 147 161 155 155 155 155 155 158 153 153 153 150 156 150 144 144 136
99 95 92 85 82 132 167 175 178 172 143 89 77 92 98 98 100 92 110 186 140 149 138 67 46 74 74 59 100 80 44 58 80 36 58 70 40 68 152 179 186 208 144 57 51 65 47 91 168 67 89 130 134 151 192 209 88 36 91 116 47 51 47 46 131 110 62 59 49 52 50 122 144 158 158 155 152 152 155 155 155 153 153 150 150 147 141 136 132 132
99 97 95 82 77 132 167 178 178 175 143 92 82 98 105 103 105 77 74 144 200 141 55 50 82 62 68 74 114 74 44 44 70 48 46 36 50 110 160 177 204 160 111 106 65 101 83 139 222 152 108 118 130 151 209 166 91 83 123 155 57 47 46 53 126 116 68 52 52 46 68 141 144 158 155 155 152 155 152 155 152 152 150 147 144 141 136 131 141 156
102 102 95 82 77 132 167 178 183 178 149 98 85 105 108 117 65 91 144 166 132 59 74 90 65 54 86 86 122 107 54 40 46 49 49 29 83 152 173 204 156 113 134 145 128 117 126 155 164 163 134 124 130 151 211 173 129 129 144 99 65 57 53 56 116 132 68 49 49 49 97 141 150 158 155 150 150 156 153 153 153 147 144 141 136 136 141 165 184 190
102 99 89 77 73 129 165 178 183 178 149 98 85 105 108 113 129 148 102 91 50 40 95 122 74 54 80 86 107 114 59 44 46 49 36 56 129 162 198 160 92 134 145 151 151 145 134 134 148 163 141 130 124 145 203 203 152 139 117 92 95 57 47 55 110 144 62 49 52 49 116 141 155 155 155 150 150 150 150 150 150 144 141 136 136 162 186 195 190 190
95 89 85 73 65 125 165 178 183 178 149 98 85 101 108 111 134 133 100 74 54 80 95 95 59 46 80 100 107 107 58 48 46 50 46 101 148 197 172 82 118 134 151 163 167 167 167 173 173 167 145 139 130 141 203 208 170 151 134 125 111 65 51 51 110 149 55 49 46 59 131 144 158 155 152 150 153 150 150 147 144 144 136 131 168 199 195 190 190 190
91 85 80 65 65 125 165 178 183 178 149 97 82 100 122 133 133 103 86 58 74 100 114 86 44 44 68 95 90 80 110 53 48 40 70 129 177 194 67 92 124 130 145 157 173 176 176 176 176 163 145 139 130 130 192 211 169 157 134 130 117 65 59 55 91 160 52 47 46 83 141 150 159 153 153 150 150 150 147 147 144 136 131 168 195 199 195 190 190 195
80 77 73 65 65 125 165 175 178 175 149 97 82 102 111 114 96 86 76 82 74 100 100 54 48 50 50 62 46 62 136 68 36 40 101 152 208 103 47 108 124 130 141 151 167 176 176 176 173 157 145 144 130 130 186 215 169 157 139 130 113 58 55 58 83 164 62 47 47 101 144 159 155 153 150 150 147 147 147 144 141 131 150 195 195 195 195 195 206 208
79 72 72 65 57 125 165 175 175 172 149 92 85 106 114 129 95 103 103 80 65 95 107 58 58 48 44 68 51 83 122 122 40 59 122 197 159 36 65 101 124 130 141 151 157 167 173 173 167 153 141 134 124 130 173 215 169 151 139 134 105 49 59 58 68 164 78 46 59 122 147 162 155 153 150 147 147 144 144 141 136 136 186 199 193 193 199 208 208 208
79 74 74 58 57 122 165 175 175 172 149 92 77 121 133 121 68 107 86 74 100 114 122 65 53 40 44 88 79 121 136 74 36 88 152 194 50 40 73 92 124 130 134 145 157 157 163 167 163 151 134 130 124 124 163 222 176 151 139 134 89 40 67 58 59 164 91 36 74 138 152 161 155 155 153 150 147 147 144 141 131 161 199 193 193 199 208 210 208 208
80 79 72 57 51 122 165 175 175 175 149 92 80 115 121 109 76 95 80 86 86 100 114 65 50 48 50 83 107 101 68 29 78 115 173 114 29 59 80 92 124 130 134 141 151 151 157 163 157 145 118 134 137 130 157 222 176 145 139 125 65 40 67 58 47 155 116 29 95 148 155 158 153 150 150 150 147 147 144 136 136 186 199 193 199 208 208 208 210 210
85 80 73 57 57 125 165 175 175 175 149 102 95 102 115 91 82 116 65 95 74 95 122 86 58 59 40 62 78 78 29 40 167 182 150 47 40 59 85 92 124 124 134 141 145 151 157 157 157 139 124 122 111 118 137 198 164 139 139 105 44 48 65 58 40 144 131 36 115 152 156 153 150 150 150 147 147 147 144 131 153 199 193 195 206 208 208 208 210 203
80 77 73 65 77 134 165 170 175 175 155 98 77 97 115 83 82 82 74 100 74 95 122 114 46 74 78 36 96 53 68 91 150 179 56 44 46 59 95 101 118 124 130 141 145 151 151 157 157 151 134 118 112 112 139 176 156 145 134 72 40 53 72 65 40 126 136 62 138 152 158 153 150 150 150 147 144 144 141 131 168 199 195 206 208 208 210 210 210 210
80 77 77 65 91 141 165 170 175 178 155 98 80 92 122 91 59 80 86 59 80 100 107 133 74 74 107 46 70 110 160 115 144 103 36 62 49 62 101 105 124 124 130 141 141 145 151 157 157 157 151 141 157 167 192 186 151 145 115 50 46 56 79 67 40 110 136 88 148 152 158 153 150 150 147 147 147 144 141 136 183 199 199 208 208 208 210 210 210 208
73 73 73 65 95 146 165 170 175 178 155 100 73 99 129 83 82 96 59 59 68 80 90 114 116 91 59 52 102 179 150 101 114 40 52 55 55 55 101 105 124 130 130 141 141 141 145 151 151 151 151 151 186 198 198 186 146 145 79 44 50 62 79 65 40 91 136 115 148 155 153 150 150 147 147 144 144 144 136 141 186 199 206 208 208 208 210 210 210 214
65 65 65 65 91 141 165 170 175 178 158 98 73 115 115 83 90 70 59 74 80 74 80 80 128 96 55 133 160 172 101 126 44 65 47 58 65 51 95 98 118 130 130 137 141 137 141 141 144 145 148 153 167 186 186 167 139 126 48 50 50 67 79 72 40 78 141 123 148 153 153 150 147 150 147 144 144 144 131 144 193 206 208 208 208 210 210 214 214 210
58 58 65 65 91 146 170 175 178 178 155 92 109 99 126 76 59 68 65 59 107 107 80 86 100 90 121 172 215 101 131 78 40 65 47 58 67 51 88 85 112 130 130 130 141 144 127 101 112 118 118 112 112 130 112 113 139 88 40 50 52 67 79 72 51 68 141 140 148 156 153 150 147 147 147 144 144 144 131 144 195 208 210 208 208 210 210 214 214 214
55 58 65 65 101 141 170 175 178 178 153 121 95 99 129 76 65 46 70 65 122 90 100 95 80 100 134 169 149 126 114 44 49 51 51 55 65 55 74 80 108 124 124 130 134 144 141 124 112 124 130 145 163 173 141 145 128 48 48 46 55 65 79 65 62 59 148 148 152 156 153 153 150 147 147 144 147 144 131 152 206 214 210 210 210 214 214 214 210 210
55 58 57 65 95 141 165 178 178 178 163 106 73 129 101 80 90 46 74 80 133 90 86 100 100 133 141 155 148 144 46 56 53 49 52 55 67 59 74 72 92 112 118 124 130 141 144 137 130 124 124 141 141 141 145 151 74 40 52 49 51 65 79 72 65 59 148 155 152 156 153 153 153 150 150 144 144 141 126 155 214 214 210 214 214 214 210 208 208 208
52 51 51 72 99 131 161 178 178 178 155 85 83 121 74 80 76 54 65 86 133 114 107 95 128 103 123 177 168 58 50 56 56 53 56 59 62 59 67 67 77 101 108 118 130 134 141 141 134 130 134 130 134 145 151 106 49 44 53 59 51 67 85 72 65 59 148 156 153 156 153 156 153 153 150 144 144 141 116 153 220 214 214 214 214 210 208 208 210 210
49 49 47 91 110 131 158 175 178 178 155 98 80 109 83 82 54 59 59 80 122 114 133 95 103 109 103 182 78 40 53 55 52 52 52 49 58 58 55 62 65 77 101 113 130 134 139 139 145 151 157 167 163 157 141 65 48 46 56 59 47 74 88 72 72 59 150 152 153 156 156 150 150 150 150 150 141 141 116 156 220 214 214 214 214 214 210 208 208 208
49 48 49 85 106 134 161 175 178 178 155 97 73 95 62 86 59 59 54 80 100 65 122 122 114 133 97 90 54 54 50 59 52 52 52 49 52 58 55 59 65 57 65 92 118 130 139 145 151 167 167 167 167 163 122 49 54 54 59 55 51 83 88 79 72 62 148 158 153 156 150 150 150 150 150 141 141 132 116 173 228 214 210 214 214 210 208 208 208 195
48 46 44 72 106 134 161 175 175 178 158 82 91 102 54 80 62 62 46 65 133 74 90 122 122 133 128 103 46 50 50 67 55 56 53 52 49 55 59 62 62 72 51 65 82 100 115 131 145 151 167 163 157 146 95 40 59 59 62 56 49 83 88 83 79 67 150 150 131 144 144 150 150 150 150 139 141 132 116 190 228 214 214 214 210 208 199 174 107 67
49 48 40 65 91 128 161 175 175 175 143 129 132 97 59 70 62 62 46 59 133 107 65 95 114 133 128 116 116 46 50 74 56 56 49 52 49 49 59 62 52 72 85 106 117 128 129 134 145 152 156 163 159 170 160 103 59 46 56 56 52 83 95 83 79 74 153 130 107 115 122 126 131 141 144 141 141 126 126 208 214 208 208 208 206 195 122 47 36 55
78 59 46 58 72 117 158 170 170 170 167 131 74 90 40 70 62 62 76 54 100 122 80 122 114 95 114 90 148 100 44 72 53 62 53 49 52 49 56 59 52 65 102 129 129 129 134 139 145 146 141 146 164 184 203 209 179 114 54 40 53 88 88 79 79 83 152 130 122 122 115 107 107 107 116 116 126 116 131 208 206 206 208 208 195 130 47 49 79 85
132 102 74 65 51 97 155 170 170 176 165 89 123 68 36 58 80 40 96 80 46 107 107 114 90 107 114 128 123 96 80 58 50 62 49 48 56 48 52 62 59 59 99 117 122 125 131 139 139 139 141 151 169 184 190 200 209 214 186 90 29 83 83 74 72 83 152 141 144 136 131 122 115 107 95 95 107 101 107 206 206 208 208 199 130 47 65 79 85 85
139 146 116 88 51 95 156 170 170 175 148 148 110 44 40 54 96 90 90 74 74 74 100 74 80 107 133 133 96 86 103 62 46 67 56 50 56 56 53 67 67 55 95 117 125 125 134 139 139 139 145 156 169 184 190 190 200 200 214 214 114 52 74 67 65 83 152 147 147 141 141 136 131 126 116 102 122 110 115 208 208 208 206 122 47 79 85 91 95 85
123 146 146 116 51 92 158 175 175 172 158 170 83 44 50 58 58 68 62 62 65 59 90 59 80 95 122 148 95 116 116 70 46 68 56 54 62 56 56 74 91 52 95 122 121 134 139 139 139 139 151 161 164 176 179 184 190 200 203 209 222 114 47 67 65 91 152 144 147 144 144 141 136 131 126 116 130 119 158 214 214 214 186 72 72 95 91 110 95 91
78 139 168 146 62 89 162 178 178 175 158 141 62 40 48 62 56 44 82 62 50 65 74 74 74 86 114 122 148 96 114 103 36 67 55 48 59 56 49 72 117 58 88 122 129 134 139 139 141 144 151 156 161 169 176 179 190 200 200 209 214 215 78 51 51 95 152 144 147 144 141 141 141 136 131 126 130 130 186 220 214 214 130 72 95 95 110 106 95 101
36 114 175 159 68 80 162 178 178 178 155 134 68 40 54 56 46 50 90 62 44 62 74 74 95 95 90 122 148 65 96 139 29 65 62 44 59 56 49 80 117 57 85 127 130 134 137 141 141 145 148 153 161 164 176 179 184 190 200 209 209 234 172 40 40 107 152 147 147 144 141 141 136 136 131 122 138 174 206 214 214 193 99 85 95 110 106 91 101 101
36 96 175 159 59 77 162 178 178 178 158 134 62 46 54 48 44 59 107 50 56 54 59 59 90 100 74 122 148 74 96 128 29 74 62 48 59 53 51 92 113 65 85 130 130 137 137 137 141 144 148 152 156 164 169 176 184 190 200 209 211 215 222 78 29 122 152 147 147 144 141 136 136 131 126 130 186 206 214 214 214 152 89 95 106 114 95 95 101 102
29 80 168 168 62 73 162 178 178 178 162 122 50 53 44 44 40 90 96 40 58 53 46 54 65 107 74 122 148 116 128 116 48 65 59 55 52 53 65 113 127 73 91 130 134 137 137 137 137 144 144 148 156 161 164 176 184 190 200 209 211 211 234 139 29 130 153 147 144 144 141 136 131 131 116 158 220 208 214 220 193 119 89 95 114 106 91 101 102 97
29 80 168 168 78 73 162 178 175 175 162 115 59 44 44 50 62 70 80 46 62 48 50 58 65 74 114 133 116 116 148 90 78 62 62 59 52 51 89 127 122 65 99 130 132 141 137 137 137 141 144 148 156 161 164 169 179 190 197 203 209 211 222 188 40 130 150 144 144 141 141 141 136 126 122 174 220 206 214 214 167 111 100 100 114 99 95 107 95 83
29 70 159 175 78 73 162 178 175 178 162 121 54 48 48 50 54 54 76 54 54 50 44 62 74 46 100 122 116 70 62 68 80 90 91 62 49 65 105 129 121 72 111 132 134 141 141 137 132 141 141 148 152 156 161 169 179 190 197 203 209 211 215 214 78 130 150 144 144 141 141 141 136 126 122 183 214 206 220 199 134 111 100 102 105 89 101 101 95 91
36 58 159 175 90 73 158 178 178 178 162 129 56 44 46 62 58 50 62 54 54 54 46 65 74 74 107 122 100 116 80 44 49 55 59 56 47 80 113 129 108 72 125 137 141 141 141 137 137 137 141 144 148 156 161 164 169 184 190 197 203 208 211 222 131 130 150 144 144 144 141 141 136 131 130 155 186 206 220 183 117 108 95 99 80 95 101 95 95 97
36 50 146 168 103 73 155 175 175 178 162 134 68 40 58 62 44 58 62 62 58 54 54 65 59 80 65 107 74 90 148 62 49 55 49 46 58 97 117 129 85 85 132 141 141 144 141 141 137 137 141 144 148 152 156 161 169 179 190 197 203 211 211 215 190 130 107 122 136 144 144 144 141 141 148 140 148 206 220 167 113 95 95 89 85 106 95 88 95 83
36 44 139 175 114 73 149 175 178 178 162 122 76 44 50 46 54 62 54 68 50 44 50 59 80 122 59 50 70 90 90 47 49 49 40 47 72 108 122 117 65 110 137 137 141 144 141 141 137 137 139 144 148 152 156 161 169 176 184 192 203 211 211 215 214 101 72 79 88 107 116 126 136 153 152 130 158 220 206 140 92 85 95 77 101 95 95 102 91 62
36 36 139 189 132 73 145 175 175 178 162 110 80 48 44 50 58 54 54 62 58 48 50 50 59 114 128 86 96 62 49 49 46 46 40 58 97 117 127 73 74 132 137 137 141 141 141 141 137 137 137 141 144 148 152 156 164 169 179 190 203 208 211 211 222 116 85 88 79 72 67 67 78 115 161 161 174 220 183 97 65 85 80 95 101 88 95 102 78 55
67 67 132 189 146 79 145 175 174 183 158 109 68 44 54 53 50 50 58 62 58 50 44 50 50 59 133 133 103 70 40 46 44 40 47 77 108 127 92 47 117 137 137 137 137 141 144 144 141 137 137 139 141 145 152 156 161 169 179 190 197 203 208 211 222 160 88 107 101 88 67 49 29 74 199 174 193 214 130 57 72 72 88 107 83 83 102 97 67 55
95 95 139 189 159 88 140 175 178 183 155 115 68 44 53 48 50 50 50 62 62 54 46 58 62 54 74 114 114 68 44 44 40 46 65 101 127 89 47 100 132 132 137 141 141 141 141 141 141 141 137 141 141 143 148 152 161 164 169 184 192 203 208 211 215 192 88 107 107 95 88 74 46 79 193 193 199 148 57 65 72 79 107 83 74 95 110 95 74 62
83 110 139 175 159 95 140 175 178 183 155 102 58 46 50 50 54 50 50 74 65 70 46 70 62 70 74 107 80 53 44 44 36 58 85 85 65 58 100 127 127 132 137 137 141 141 141 144 144 144 141 141 139 141 145 148 156 161 169 176 190 197 203 211 211 214 107 95 107 101 95 88 83 95 195 199 119 65 62 72 79 107 95 67 83 110 102 83 67 67
62 91 123 175 159 101 134 175 178 183 165 88 46 46 54 58 58 54 54 74 65 107 54 70 59 80 65 122 96 50 44 44 46 51 58 65 89 118 127 127 127 132 137 137 137 141 141 144 148 144 144 141 141 141 144 148 156 161 169 176 184 192 203 208 211 222 141 79 107 107 102 102 107 106 148 122 72 79 79 79 107 95 67 67 102 116 102 74 62 59
56 68 103 175 175 107 134 175 178 183 158 74 50 50 50 62 62 65 54 70 54 107 74 74 74 59 80 95 96 50 46 46 51 77 100 113 122 127 127 129 127 132 137 137 137 141 141 141 144 144 144 144 143 143 144 148 152 156 164 169 179 190 197 203 208 222 172 74 95 107 110 116 119 114 102 91 101 95 79 95 95 74 67 83 116 116 91 62 59 49
56 53 103 201 203 136 134 175 178 183 152 68 50 50 54 58 62 62 65 80 59 90 107 59 86 54 80 65 95 70 36 51 77 105 113 118 122 127 127 127 132 132 132 137 137 141 141 141 144 144 148 148 148 148 145 148 152 156 164 169 179 182 192 203 208 215 197 83 95 107 116 122 119 114 111 114 121 95 95 95 74 74 83 116 126 97 67 55 55 65
50 48 90 198 203 141 134 175 178 183 144 68 44 50 58 62 76 58 90 70 68 80 86 80 90 54 70 58 74 96 62 73 92 108 118 122 122 127 127 127 132 132 132 137 132 137 141 141 144 144 144 144 148 148 148 152 156 156 164 164 176 184 190 197 203 208 214 116 83 95 107 122 128 121 125 134 114 91 83 78 91 83 107 131 116 74 49 49 74 99
